605750215772811264
515467894882902016
334787300833648640
552326737973448704
539155576338448384
575177579818598400
476181564456169472
525555821773238272
566444446617464832
465683146092834816
493916596713025536
517086681233072128
583807042200846336
469550423359877120
518892200241516544
515598843542806528
565247168129916928
417390514531205120
472565961937907712
578033626466267136
480103825802260480
600471256071995392
515483364228636672
568972376424787968
580108298204782592
598028342846881792
596844081091493888
602568381429784576
603800914691698688
476149387408437248
507384547978657792
349296923150344192
580275541345603584
605949712159297536
586269552149573632
438069639595945984
522457949004541952
548213909737766912
518443355463270400
475164862041812992
515007783362347008
522233486578577408
574412016925323264
515278906321117184
562484991574773760
569642697377882112
601610378719318016
573537315854548992
580476714912624640
535650916822536192
601225537020555264
515566455150682112
495698891434356736
518133306461970432
604885556639387648
567613466150043648
515948691517739008
458032195718606848
515603940798595072
466020739925929984
587887600862265344
515768874966024192
475199801617543168
515221888424058880
576508425396064256
529485394175819776
341756546675552256
515820333521571840
609606990980808704
466695112668213248
515675009116991488
562748151681687552
587452272498221056
607712176274206720
560320981616201728
386456639345262592
590384786002972672
571525283333066752
517919057156546560
601585712386609152
576049818702979072
604549447669587968
575901166676865024
516831238320680960
603422839227355136
470303793179783168
599070324713111552
518226001632174080
472188917555130368
422417117179019264
516722235745255424
580810339721973760
600507598139097088
516076558916489216
566729027196682240
337470738892075008
476485184980512768
515984712064217088
449331749290242048
556692655879688192
574925120987131904
434533783258001408
608756269884477440
529718973258272768
515578751763685376
566000003532480512
604858424471138304
611699480349274112
515561166122446848
543297211931443200
416633544928927744
606553383087710208
533087214358573056
568792770988351488
473601867759218688
566790804170129408
451854252059389952
461214884923699200
460326731232833536
594246235792130048
455220405917970432
575432240088592384
605054663921823744
639224064170348544
454899333280559104
507345054949134336
445912194387800064
522870981152567296
456618235853271040
579915921364127744
597848581004648448
603044457155198976
576537464009699328
560984276772900864
401964715640672256
559766985761746944
561577204473978880
608085065624256512
608099401017122816
499081663112802304
442547821220982784
583621893995663360
588777228385427456
465666564234932224
603261533870424064
457276044450197504
589580192494690304
567129771775668224
602757585279442944
515636238835589120
457774714534752256
530484517227847680
415344175513354240
445697248085405696
563227371920404480
517423300145098752
301402370502307840
411678189610344448
592916195603173376
422505559153987584
601298420010909696
473737844813197312
425757318118907904
528800205982453760
565750287917297664
383554402864107520
343788939213189120
599785801009651712
518645014652887040
434510807737298944
595715549388926976
599990715396718592
595013882158829568
584918130065715200
480125644844298240
514847012647796736
609645424835379200
462854978944364544
594749337897062400
565417836032364544
573303106311761920
588440449534963712
554387000432115712
602691003689803776
593221127698956288
605593140589572096
469671862339629056
562521884277833728
474315957204938752
412100872965722112
466827336713498624
466037367233310720
418965852340105216
456568511989280768
516635218537398272
408479707365916672
554896119483957248
490393622995267584
500440759594381312
602031581124689920
616445295198380032
473408558155689984
566438296896634880
584925166694342656
468685472281915392
585466419349594112
565327350798143488
568288795943624704
601224557612830720
601868591746314240
531663286714286080
582041810759622656
515213209143685120
562448942198128640
607197211494805504
561040974663499776
466436130468786176
558151619338162176
601329223000449024
607240580325507072
450144366346891264
485840922064449536
403037526945718272
555495207694151680
469213124977750016
475383325914034176
469317047956795392
472091135968276480
538610419096621056
604433732379684864
626707342569832448
383644976505966592
526636873897074688
515641221754462208
568405786942128128
568996923627298816
575391898095632384
556955019719938048
442388009644453888
594686677222477824
579847081670258688
578625538634059776
602657981875699712
559396989735186432
458381857805824000
473226941902614528
515641736175255552
395649363596075008
591690108210565120
523178526498668544
422076705574748160
516345236457193472
468181167405789184
579040008887906304
462774819260198912
592985805241237504
540703175235272704
564947137462755328
553122577328844800
474659749200130048
587127002536906752
558836451142987776
515666051417546752
341398084556738560
558122526404104192
566011727536041984
515062501658226688
459025112742490112
593513126226345984
598074791827660800
554899000292102144
605870754768166912
389967615268769792
553245070360633344
444732780920696832
357572731514122240
584422310107189248
550636253234819072
566835149120704512
559422430146035712
516288361186242560
589599853869314048
515621115357790208
529082081573916672
553703757026078720
604743120818597888
515634456164601856
562964204768555008
322344007621419008
472650721322332160
580261255214837760
597474135479730176
520366554276868096
593249823365316608
607271685690843136
442189014741544960
466312856959184896
515606088223039488
435197935483875328
558409610725404672
599058166361145344
559095750012366848
453032851865071616
564927754085371904
467355485369004032
455955881578721280
338584354236145664
550794018465513472
565274273659293696
470480826086191104
447637093779238912
588073575278227456
592224069902983168
407157117498204160
556189987529248768
419016953177325568
603711462426337280
524104189893337088
587855788840615936
597189161526546432
567901857369960448
563175965615742976
569965072805068800
514840828327739392
464457654199119872
339432090711883776
531327577395224576
579085271727902720
604581720569745408
480293983008845824
525478522923454464
596018338262470656
568331728157839360
573894813497208832
438019482707816448
553115004567498752
471435369468915712
570329883340247040
534516527680614400
456646775399247872
563747270174007296
599280382596145152
606260579606282240
601972871569039360
583917720949526528
468981862434336768
586713501699977216
568453800780943360
515612941385277440
515700261475811328
541406219236261888
435902851697340416
535582101114642432
604519035857620992
303687677213937664
564930010886049792
550754500946419712
563110221996498944
460506808562216960
460203155452325888
554818760500150272
590742818201313280
476358848559443968
600262117009973248
440364690543996928
563811280138006528
448124908384284672
471795890655326208
568963949570654208
515670804510089216
608847096019263488
600543234460028928
515612560138969088
581711564013350912
516292145192042496
606608098353831936
562411645458452480
561828987651653632
470334945621962752
461954808991969280
386975469926420480
412839485022146560
575149555156197376
515680217634709504
574860916643688448
472461929810489344
518596396291059712
603737611151937536
398589857787576320
562143860682846208
471083253126656000
577698098504044544
455083494754742272
604074964320059392
570072513783181312
534755703658946560
312716783326883840
557513850975965184
578758953819742208
592226205864869888
597414496897650688
592038815976177664
516414448162881536
438615350884429824
543986258966499328
570869626190815232
301565980058865664
423313885655744512
544331793019301888
591291255967756288
556694206539042816
585423794793918464
517568593715568640
531986069260324864
579395262137544704
572967232064348160
451598954056904704
594866294549958656
609224358807834624
597101588661714944
604037071056740352
518916259291103232
531329904114532352
413853765582471168
597150728523399168
516690265707941888
503014584244760576
578683663957405696
594043580163608576
472864971559006208
462667518301958144
561579201542942720
582364109455007744
552940372134756352
406591366282358784
588172826326900736
607695605770301440
431945534303911936
516830870783078400
545316523265835008
592144705794396160
477667574440521728
573353220246474752
596443744203497472
580894347520675840
532670917815762944
409947693662601216
606613244781584384
467087681860399104
553186844961202176
603427844567138304
330120160457273344
598432750801838080
516685262287691776
474885859850579968
575773340206723072
608171380336304128
609835158413058048
571885815445463040
470396067318329344
436650312162340864
463808469896523776
470815981061533696
587016213884874752
556614408009678848
517913740169420800
603031347560259584
595155993655033856
555888234324738048
467898040338870272
542124232333803520
469547180210778112
515566407407407104
383552790842322944
453411521024749568
468976904016228352
425485058049060864
586404927266402304
555660936977711104
608395040439504896
495021170484047872
461132950730174464
434525374160826368
605414473645248512
306865412614651904
553617931488702464
597123799447560192
462194862968532992
434548325958545408
465724020407398400
473330891519684608
580448623699992576
516384997042573312
466317468441243648
598314729852702720
433881827413848064
614435432373006336
482408263053209600
608801571836362752
584166394652819456
516752589191024640
601872425864458240
600498787080790016
501519914360631296
420638329185247232
553036851543941120
385538762567872512
419986606124969984
474777355936591872
595361884509634560
597220673051475968
598004124058972160
447503906939858944
589965897620303872
515939959660699648
342082597414834176
464720108745388032
515963408569249792
572370766772199424
603868777137893376
383031306327592960
590437292158529536
458712480240103424
533049278630260736
454848614611546112
342728367730085888
597964653204668416
472961973722542080
520113118435860480
515556951223209984
414472419961483264
567926062039396352
515979219292233728
598634546468016128
529790205869764608
516188254736687104
451689212656218112
594426030597398528
587717010327117824
512935492240711680
606693548049395712
401817259548418048
603015505132994560
462864328786178048
570907110093529088
598928476673728512
590725837410570240
468422970834939904
551978511684890624
563062812437233664
517172476435959808
471837187478908928
608938654311739392
516301913418674176
552897708032262144
539642885708869632
576167577459671040
558778398976081920
622986050674966528
421907649538293760
446300424241147904
472551116026933248
570728045575917568
562702566836375552
608099155964940288
599154226920218624
572642161467392000
589149480310317056
515671915929833472
336047029576802304
515151833682489344
482791423314227200
418826889851830272
461440461618278400
441424553541890048
516052989654704128
472111164621320192
515987588170227712
576256441787928576
602673791046328320
542076012279517184
607822288968044544
572520162365308928
597217187366756352
470392078296150016
599893099619078144
551812542927364096
609588346288672768
448240627612643328
565608999558950912
568687835399462912
464857165287387136
408847609453629440
605587565705244672
515670245813854208
608947206946349056
553037211176148992
609868942650998784
516050431271415808
604402998411583488
516145220173012992
395327849294233600
591135684987756544
567167054822289408
515504156684152832
515655112792547328
440944806517010432
515611213993877504
606355160066752512
609115048463368192
598869988740222976
342471678967676928
518819135156232192
410295791639330816
572995076033052672
401195513942130688
596431703308820480
515557936610680832
472425262789685248
386643496334901248
590984751649697792
471455225215971328
593505184802463744
604093784883523584
577451462276194304
604024708094042112
515666075411845120
562005447580893184
570673323987349504
416313646822461440
555593346109181952
515668500759257088
560761399272329216
517406094647488512
516067326072807424
450778678037573632
600225731812835328
592393725720707072
568484099744219136
594979693044748288
597629529221033984
567885104493506560
580896743269384192
554881109207371776
560992270493929472
437003114906644480
610166290602078208
418705964254892032
583534004054036480
589932860194992128
515985215030947840
592811338418405376
508537017163046912
515694366060781568
339787195952934912
403762350374592512
586274172083150848
526103521290309632
459948788652437504
598310831083556864
605890077595344896
415271183185883136
539879949948186624
591436504954363904
528955462863605760
467092644808355840
563197447331016704
300617996483715072
468950772688613376
544352674739073024
564946885497098240
521905253041991680
389228058424426496
438845986752688128
428374699840389120
598923996364333056
499297777847627776
473388756653568000
600794842896850944
608034360075026432
592467082512228352
408168801641713664
562409352125829120
515573901030625280
310511983629721600
572212582259757056
562029996036947968
546036297310822400
559481086409539584
323628272921370624
517220482078150656
546089583112585216
470736897769992192
474460685602910208
496042832776130560
601651417693888512
597170605904678912
609122067337523200
592934183555358720
548058632791273472
518639368069312512
599469784416976896
474676025016446976
594643122277896192
596382232726261760
591892805505302528
577400266106638336
452270864117788672
516323933292376064
567120182623825920
336223755183341568
386641758378831872
431184517919682560
591670666713939968
547179979326406656
475314289549242368
584142392999854080
574609864125403136
337764754191810560
571939262012055552
515986437366456320
570284589747908608
545704353349160960
590533273579458560
475039769403846656
558493685731938304
553287592990531584
532707614306971648
603691747834392576
601266633813581824
467316722982973440
556911872344326144
573690090858725376
515577488871821312
388065311091372032
384274866645565440
469920904323788800
431505548525981696
575529545671462912
583870704496197632
584569422648225792
539995644443189248
597699982161657856
601054936817524736
607420675459710976
604518944841216000
563194105583742976
449730111483146240
515555284649213952
576126197586993152
575828346684313600
573994798748098560
388547690457214976
449088528085676032
471049521846022144
552564022559518720
567885676751880192
573998111486062592
545569805630238720
470440452131123200
515620286332149760
585490766718083072
574013743142166528
601017981459283968
586983668505944064
590735331918131200
609224371369775104
519233809430818816
569607389971832832
526238723400130560
474338454486904832
434501033041850368
603696479541977088
596213210231664640
581181739481739264
606953184677662720
586984199316086784
584550165260570624
383668321905778688
484577225719410688
443052449264037888
601118741597585408
462407340038025216
417790059849203712
547921780402827264
467858770341392384
602638043932860416
564974074720456704
594793247268716544
446344421215039488
601186289085112320
313769956485394432
455250638968713216
384607747930341376
600484183239884800
590935659955400704
549858090989252608
516152598177341440
569754861451485184
451811756340146176
555178584566738944
601602153726939136
611386683811971072
416406121977237504
325267192755015680
578102845740453888
436390564053643264
516323178629234688
441365986197630976
454071251200110592
498629168603328512
454126499356733440
517865111924289536
518110351171354624
604666989557907456
515587425045094400
473417317242368000
544353195843596288
598382303948906496
578830333844168704
577561081766002688
582047093544226816
384433894314909696
472497153994911744
460666741719035904
609518062026178560
515677958226059264
569305586970112000
418431884209430528
606645343165161472
433498492451680256
551112558375866368
579527005167468544
557216152128962560
552324228949184512
541726618800508928
555837227611897856
351847432545566720
553201146291474432
518628402472849408
457029082891153408
515571279276052480
466382506120179712
517258719646343168
515705471038464000
539114839517364224
341305924062842880
592579524923809792
403804312809046016
608141661842788352
453426897422905344
473897512445407232
572979489087315968
553279586168393728
595281462018756608
618213081591386112
465212184910098432
579246618713305088
555887026464718848
556946649990500352
560914733587623936
584001001179090944
516053845702762496
446062156627046400
604724059292389376
483887461009715200
471705593929789440
382450060392464384
523169211211272192
591470119012581376
516158472956383232
342168554591928320
549248506352193536
571159628594364416
557397370171052032
606517499281854464
526848794072989696
601466612675039232
461023986650705920
606349492282822656
471821348759400448
342191984527613952
590420756865785856
521878165484367872
569690859389382656
497095398490370048
594253048696578048
474763425877061632
527361256007630848
556918596140732416
470242395858923520
528639879118434304
590037215527088128
558609040538447872
590310401888006144
608339954879266816
593921710944739328
555857425613029376
327802227731230720
436713001223974912
561879862288367616
559934202283573248
592151217233256448
380491127557537792
601476855308017664
472777021152292864
588089584752041984
524731656018763776
562538033304535040
517634521293570048
473864148292202496
397439273072066560
570993489033740288
576481260692865024
601526069912190976
570692224905818112
598458861216653312
569313410644971520
515770260730015744
607198344049131520
563817931883376640
606208303004983296
440983962110652416
565701920763518976
515613431058173952
567910697249488896
600122420392685568
521877425432981504
464571405623619584
597563743919988736
570287718874550272
546455855241084928
596847976970768384
601844979417014272
382739047950524416
577247505146744832
338781644280320000
474618044841193472
321141062947069952
467417236164833280
566453962371055616
556622632973275136
600473013451825152
574848316788617216
405009559237730304
539109979886714880
515579954549157888
560885222816854016
457654933043277824
549052165363576832
437795746142482432
588840485628452864
595116318810759168
335531943082872832
587864745390931968
472494253566586880
596029234347036672
437223937890316288
516356524905115648
515583745277337600
409558910815449088
596399494480846848
333586061231923200
563026281667325952
450836685144453120
376373086217609216
455210862748102656
569202841409556480
599627751518953472
552589005665280000
516780721708068864
520491095482015744
629626707921416192
563572925242822656
572524403287195648
595443554470391808
515964074527711232
611685567457017856
550084475636858880
474764610486923264
548507599723241472
581236934265839616
567440981987295232
575357471996690432
590712067707674624
593909432283357184
383623165999550464
533869912146436096
577636596552097792
515570507638566912
499658947175641088
404101976666697728
604648295939244032
497981410104045568
602164718060232704
323495368354455552
551300835295158272
454288198864990208
555559315213414400
446087102724042752
401549885435834368
307924518955933696
469298024351264768
534332776770330624
515685482747207680
584061748336701440
550063228345565184
555603432962625536
482377541525434368
441630683052371968
518527559254007808
579130993059872768
483515060530966528
567527963514290176
459769779029274624
565940936073011200
581678622817947648
426472561711255552
554132036540276736
597125311468986368
604926542434349056
577252393054408704
571403837771382784
331662461239324672
584848945558102016
523550478424350720
477586651787292672
337614119702122496
516703560254373888
464238753511108608
609624463587246080
515840250310791168
598514191761985536
566700018891382784
594234423474450432
568603782340026368
580484389788495872
399964758570250240
587702052977680384
593806099405135872
596473120798326784
583143260046807040
576753909628960768
635340078226550784
423446336197640192
599086541616246784
607661483161108480
515667695296602112
557654475177390080
516688364651905024
466336285695406080
456632955117236224
605944068924596224
562289971894665216
558723318939566080
559930164663910400
602272818012426240
548379364691746816
576317965300600832
604132205928706048
606287138299928576
545663517477982208
550081641235030016
454460029026693120
575862261713215488
513087514931798016
510544473070350336
482300829433327616
450135926891343872
600771177442512896
507658377323638784
318581865399201792
570646014571638784
455236951516114944
467500001136734208
578380892762845184
451504836941180928
484905157448953856
607059283330269184
396113244030312448
533077512253943808
557030933736636416
600604046239256576
567122246305099776
515570658883964928
520359425694371840
455766771928920064
544630501093101568
534938429455400960
445994268939513856
565030708663078912
303329546860511232
545465811569917952
605520827730968576
548625775370702848
467833116149411840
571804492891906048
568893359248252928
473301136200167424
299607026835652608
515748716242051072
590223768786350080
515471070207713280
569334294988152832
473241955023712256
595122656316014592
434805378409033728
508524360142155776
598630026686029824
607705125418500096
515926776481759232
552196685911060480
516072064405180416
568303322268057600
522173015460704256
573612818129186816
417767098421362688
515551393354686464
561728078518362112
515362073565339648
422554644514885632
448750154950897664
410495875039625216
557829714322530304
592162232243113984
335059277108498432
599485675997286400
579430666437959680
569335713067388928
482737127142977536
435126919432761344
388894182648885248
460152099242504192
546023398693560320
474763420017618944
398208326329991168
326210994311294976
515698267971461120
575153988110565376
552207851614011392
574459750691442688
520065850931855360
577623101177647104
575805686968578048
516081972523954176
515646063078838272
453030042658664448
518647451378118656
588549548280946688
401981744066076672
580888938965680128
598048962292793344
547609799597821952
593987994474565632
466255455279116288
520075707055521792
499806684328226816
561237466249408512
515570802514915328
604899502217830400
565953447967309824
449661115664691200
568700479580307456
474284487308472320
409769209812221952
508742622447689728
584818867570782208
376236153948569600
566207380163072000
383742748160835584
608418748507947008
521572982568636416
393064121232293888
578073590834974720
597157371982168064
427635185832435712
387785762352984064
603241322589003776
557099836212936704
579429759168061440
578965237160513536
394922604454023168
575020891317137408
600463508391391232
571377752481312768
515467888709390336
516001144779436032
555411688083542016
586964177411678208
577303216497147904
562842718198095872
587502246908960768
588234551201931264
591541760157601792
447319130173861888
589956905724579840
606217266249400320
518827487714189312
458120919575949312
306661385280954368
599657729631514624
338758721003872256
576538632278544384
456355808981020672
594754684992929792
551259806795018240
515895827945668608
546865585970774016
602605869993103360
300451491695570944
472220043350896640
546116635249311744
457330278818377728
505571702027231232
515596218090881024
557625685030084608
398602215402553344
413770571923341312
530199355248205824
443930736848793600
542430812670427136
411411287394754560
473348529310396416
337075570753929216
554055577071587328
516827526382190592
307523704877772800
604896199698378752
557781145804742656
603385706525573120
562680078786535424
564224464548040704
552288870483398656
496102591147536384
515523267192758272
556179046959894528
562125275180474368
520329434535026688
303411350476959744
472191479872221184
335103029738995712
452375153821609984
606650588813393920
383818351992098816
475196659899297792
547150109314158592
600475658103091200
580213673138630656
608067801260818432
515612234177126400
517049079963193344
522448065456066560
546801222610092032
602574421999288320
594275198216224768
401905328947511296
474701535268302848
482705232283824128
545646414731448320
604083225786114048
422955814072889344
609224374855241728
400691942087778304
473634868710862848
459427426884120576
594363186317160448
456335100678762496
555599252788809728
383201300072103936
517205619764809728
553800176720842752
554729045633228800
562977962993844224
575442323161853952
572254975588970496
452617552065982464
471810056237608960
474485615048519680
406212038730256384
591490046167662592
588448466309521408
577007482002522112
603938986733395968
410816812972773376
574053939900887040
569528884239585280
605104390264680448
567043044265459712
509904820792823808
589969456302694400
430130008204263424
555511267601842176
485506654138265600
555879226092208128
409422414678593536
522583506790215680
516845191034515456
516308211591057408
598947124700311552
515925831698006016
304029603683373056
605106988233338880
473321356453212160
592095630390775808
530105524889821184
565951045365121024
472827670065836032
550750423105658880
526205038228123648
565949273540116480
444661195132104704
448584999059320832
516035889474920448
609586680155938816
587146474492571648
501230363104768000
600518172264689664
468812223637090304
430620333607747584
383018761558634496
431560111341699072
606046325351456768
515936246330421248
536778602308698112
575409112083968000
566718519211352064
560541313402007552
318913353290362880
564905961945600000
515669688733437952
543317672839483392
450815564386922496
438453030065532928
603114226847916032
551880316386471936
607072173068193792
636274154844463104
313704695359090688
462946827272974336
406299718436581376
385669140133892096
498429555795554304
515616140474904576
599446056635248640
602178401599545344
567471506835976192
605898060031139840
393502038748606464
392553854325043200
511391569133490176
528480376049913856
609179118898085888
428385456980238336
383763845421838336
546487149544681472
572628349873651712
515623456651108352
332630038954397696
442826853409878016
383657416933244928
564161770806476800
515582509943103488
553028517095882752
603693722969907200
553726931467218944
469611580766547968
564960977813655552
548941040443707392
606720941954764800
593932283304534016
588580231095296000
557455629418516480
526979123176595456
591396450672365568
556882893847658496
536287538211835904
437829399488753664
516646394909069312
608051884409839616
494190270036832256
547580266827358208
624670394166591488
519746751731552256
411676238462078976
517742524064632832
591431801591881728
595091569430814720
439836272341544960
517508395351412736
550289340560252928
608522118061162496
568703710735228928
566044271041761280
400076516198793216
515598146149883904
324636639680790528
472625170893238272
390707986537943040
521355360964558848
588908503813365760
517043016840617984
463494277142409216
587087823899766784
443832986152988672
602643603046600704
523383950162350080
515649974155419648
515576717083451392
477913223891251200
591384454132449280
515466896223817728
458670344329228288
475576298865946624
462406177477619712
597181223160303616
470764203498532864
449713360460574720
384043611857121280
607631723534024704
576082152572186624
530078312404852736
569629445350318080
571562435145940992
618212884907921408
602955357685366784
515347503136251904
618213555585503232
594263336267341824
516687194704207872
591758226937139200
611778621660610560
576953881779552256
579864254950191104
555955522187919360
474993205834674176
525453815416565760
611716173322637312
566679020381167616
586338479340822528
593951278674010112
515620978996043776
469726149656702976
593501794995326976
555822774674755584
462346143511080960
527510336553517056
609460138432090112
407949253906800640
591846658828980224
623411290840334336
593977682321006592
519729256480362496
606902001359462400
609911476064624640
426638155911811072
562374388323799040
585241969534472192
594344058688688128
469589968386256896
595778296860438528
590441582273007616
581647308488220672
528275717069688832
601730191856820224
572595174512590848
586677958987517952
563215254458363904
339968391706112000
517366578652557312
589195291366821888
535981878625079296
563042331315257344
453955556651036672
515622868850348032
516293713262301184
543153887437238272
515697918371885056
589977110462902272
543504219832455168
597263646996885504
515591607944814592
575297392752640000
584301351731769344
559271760627347456
531231559604932608
432638201832689664
515212322549665792
319124589768638464
510536848402595840
588888685412388864
515935320736686080
603386895317155840
473658638003597312
588381285660004352
474264752982323200
472281804028506112
552323884302503936
454747462926594048
476102135679807488
467935331535024128
608169455050092544
530167631785021440
577922135054401536
593560211084595200
384075976474423296
576970170711457792
583163332157034496
431134443273465856
533325547506409472
603797399902679040
345349366699266048
591488351081644032
457731780464603136
449701090603036672
516750058947776512
445030081455190016
567736617739833344
515668547531743232
541068081422577664
520853390162497536
608314420388511744
588178884927729664
515665563923275776
515846462540582912
515570442410156032
460976463399612416
464120735128875008
383660940450852864
565707732720533504
564474308764770304
569654333402341376
606652987355521024
550777977674305536
433736542205243392
339213722956365824
462725070347825152
462033414376124416
592488673019224064
607462284532441088
337801792010067968
475864423446081536
562022493449023488
515531441037606912
521841149652660224
515579477031952384
607273265425088512
516140392017403904
594345360680345600
560863661812862976
594013128480575488
408858920979808256
468055649515728896
607714173538877440
342133965706018816
608890589332713472
564251087786881024
467016909355741184
383685929895780352
563086494097154048
552644208714768384
511014912067198976
516647351273295872
452293154712842240
515569829586178048
561362093286010880
592903119151611904
440715762789773312
383852050967977984
612108673048711168
478937511884746752
602562780716924928
529010027512254464
383734954909302784
515565082909118464
553727074723672064
383666834240634880
460923823303159808
590814460478791680
473145572748947456
337722260179664896
607846997256396800
334226517221445632
519676567968763904
470683051190382592
572992762036523008
518181946356047872
567171400649777152
554107984149286912
565915077471879168
604841962805194752
601621061267673088
466987594811437056
540626255161970688
564497982232866816
414991746800300032
597612400211976192
592755485313130496
462099944984014848
389497291108528128
525869317503549440
393685790279897088
522708439470010368
591847887504203776
576277355818586112
605662914824712192
581710239687024640
470107527464349696
559364135290580992
596156187045584896
338792388828868608
447510571227541504
340946521035980800
556911379110952960
603429177873477632
597472613060624384
516504185948401664
516011126293897216
592430919327989760
599406777871687680
331241618092863488
564563773552734208
459419061378347008
314295640660127744
588120162956259328
319392781485244416
367085279150120960
579407911730585600
566476377088147456
563019235023765504
319237070876868608
469050391258984448
515983108787064832
547538736784412672
335874843813642240
516066781566046208
603114257483104256
594976562898587648
575558441462972416
547147893395210240
568592116497764352
591191145468436480
556287811803828224
599172436264542208
574844139206844416
437371348113682432
421498041309073408
560590368338132992
472538761209573376
466333645368455168
540805681666977792
554475508571529216
446781247381827584
566900184811102208
562390746990645248
549782731881422848
606741125222432768
592197602133458944
548332962211876864
466113329807486976
419948640392454144
582626234765197312
474597984298856448
461694270424739840
515668402608836608
516412420234031104
517096001236975616
563096759367131136
446499903594557440
458341382646394880
470993547953172480
587554147591553024
557018458983174144
572324576833286144
448209904990154752
517024061795352576
460270791116713984
580206014293381120
515737463812296704
601984291404046336
596092524783788032
577624920280842240
586280757685690368
602635887842492416
593691424306810880
604068083975385088
300005687931437056
583122354935238656
491269645165129728
591755226411745280
524605332523737088
515627063648788480
407692206514638848
332978913498132480
563555198191894528
518334273307082752
601142690570092544
585978918842970112
447173526663720960
558169691696517120
337409608647708672
562737260539330560
454033114943975424
536584995359805440
548213995821494272
598659414207037440
439047952611143680
408072676616183808
568486263203971072
570023081205633024
590749730716291072
600190962018344960
515721234157674496
453685678987800576
516871924905410560
437214703710629888
532407670423560192
565365877314715648
515662178963496960
515733523934777344
569315897891573760
521808543161352192
590385074478813184
465403432736387072
436609715774943232
335490498292625408
442908049481396224
588192055012925440
599280499290062848
482346673830359040
572568834134560768
606497429696618496
603413525922131968
537760314384498688
527218271488016384
432150457452863488
573010003894624256
456718245462798336
558402820139716608
600108072337207296
521910299880882176
417504165451804672
578956911987171328
469302199197888512
462038836327739392
605039861858099200
412105347893841920
522833905715306496
578290922689699840
590047831528615936
518000302847627264
515497205582831616
461217565524357120
584952974883729408
565653614133878784
520787320995155968
516154388905857024
600417493432991744
473033096149594112
335794244197298176
423293094922825728
584145742189338624
455491138036428800
566412005186641920
418524829386285056
587852747345264640
392874235237797888
602311111970201600
608114418462580736
571856832171757568
515667498297270272
521784592436981760
548991667878219776
592519645471227904
522853168799117312
431866780307181568
541735517934997504
577763909751050240
595152802125234176
601478372924641280
515661873232257024
604725308502896640
510119801209679872
599115888695754752
577385234299916288
433498948817121280
564880132872114176
515572900989526016
586357098812575744
530164103788224512
582633707085545472
571825789467017216
629376207745515520
465585009063882752
443059090092978176
602638020729970688
608905543100211200
469421505059483648
606992374165463040
443618942150242304
397048213841985536
602409777464676352
515591475109859328
601993788122005504
588144679044820992
491860137506500608
463451177825071104
573992268396965888
441972247901499392
523207756353327104
470654291539914752
552312109673160704
515705644998483968
574431885508300800
457795776697856000
594333369718853632
583507942603530240
307370250502934528
603293264082186240
570782413203341312
567361124958355456
515550588891860992
593143806048657408
468154802887454720
468645302178410496
460130763711442944
338124235996164096
440243773901893632
565724620660355072
577516268647657472
575834910157705216
574472777211875328
466833412917817344
565361685435023360
607459335479586816
611618819076620288
574812780308393984
389492014846119936
556914907934035968
439098097918799872
347448268780957696
376246393041448960
556712546657632256
627273423206285312
612459513781723136
392200708373372928
455171543073288192
472166978228842496
575944559267684352
418558983255638016
516334112620294144
515608028175179776
586251830015594496
542006707165966336
607646978276388864
462066235010445312
608812420009365504
480851014560247808
563536884673220608
590382706936815616
557924580693852160
607762154053001216
625459208820699136
579051991259459584
588219096554835968
607750373628776448
590324792444362752
515620638756892672
332295395306651648
467071958526193664
603980921678401536
590375327205728256
515621145329557504
517551830760177664
554374192030138368
400360631103946752
487694677126934528
563175752647847936
541090260126183424
600953041851564032
608113321484304384
507423752615530496
521034177460035584
552898482102370304
449254874337505280
603963423952277504
377142795858747392
603990578178359296
518000719042809856
343538540564594688
516020953212227584
430434907940982784
564924231395184640
515647671269875712
402928806328848384
437118401526099968
604857033614753792
609514459559424000
597109930792640512
570325363914670080
592488685694402560
602228940039315456
516433664135315456
549771094190346240
575724428727615488
466695000176979968
441013723981672448
584617796806160384
491423115524435968
603073118218563584
527215202780020736
461274444527038464
520978936968089600
582365794160119808
471771960250986496
516357018894766080
591117537144516608
520092866847617024
464524747762298880
449092999616393216
565322545656135680
605209976092311552
332336398705115136
603399845604048896
590678326150991872
516801655148171264
553376398532059136
458478862536273920
417092374783590400
554494682417029120
593321598027620352
475465231452073984
592869766562111488
556308602985906176
515995109173862400
377872920187514880
601949468815843328
515609866635452416
461706899235008512
326819536080752640
564917583935397888
570147429656629248
595426713668739072
515635423730475008
434520200088383488
557667206068629504
310474747651567616
568900248554602496
403394485385474048
557534397010210816
461813469029593088
515834290241953792
570036709160411136
335960846259720192
564578875594895360
515481960116965376
330096508697317376
544625177990799360
567877572044136448
409596877009326080
342165054755446784
552547122005708800
507653448787755008
563937748600053760
437043834635939840
474410982454587392
573301900735025152
422887147301785600
518118078929010688
515583700072669184
469232554323472384
473009124385222656
557562873615290368
428287060755881984
564762902409740288
530621284332138496
595303355413221376
588721710719602688
441159521331572736
547454277546983424
633147328533999616
441800505870512128
553340064366911488
333543587889283072
591024848692621312
470294335439499264
587794035435929600
517405741541044224
594998548760674304
606581131759935488
598980633275973632
475372570577727488
341290193560547328
589239946846445568
447234180464504832
516725600705544192
602319938237054976
605832820459393024
333555696211599360
599308005674106880
607039573813424128
604916269149413376
490889438159695872
480223925779820544
472936498086277120
575391466413670400
545380327416094720
604836462759862272
341653049535639552
608351398953840640
515062073101459456
583533188777820160
516454574950879232
589608579120541696
594780242497818624
517852269657501696
577248116961488896
603663386466652160
433993534798819328
603398815822721024
471889014996070400
468591872999157760
576963296020713472
516381333781078016
571782785957818368
607375366473994240
567126251433467904
590985833834655744
607629925574307840
466493750076502016
580176507956150272
596204974279557120
576114532657025024
516098768758005760
586331077967122432
598967181786537984
485943749562593280
593699621667131392
603647933862174720
407346075314212864
550823890749325312
507454911115501568
576293798222258176
562157901159579648
537506443351613440
515886372890783744
329047009078038528
583461172913684480
592114106715127808
577256624201175040
448212281256308736
461676693472407552
475753246581846016
515972925269319680
572985720709283840
609154996373639168
584189446941880320
584435728843317248
522458659752071168
446098435330797568
595125274027282432
512810361145114624
584908783860355072
436724710240153600
518203088512663552
515705389603119104
517518840305029120
428864283632222208
605952481331056640
561444065823088640
336194711314247680
557772996312678400
606575389795483648
442759987555463168
569287543288213504
339980682233126912
560140926253576192
585665732465963008
558348693503471616
565757248813576192
590573311042301952
425428980779208704
515997279371485184
446143644563402752
533022265033953280
588165658370412544
610155961121869824
434762988382056448
591894478835470336
578185700621459456
604403909011779584
472538655353729024
550861002318663680
571942403415728128
515571398729830400
515711872281878528
515564445420191744
522231758364520448
585491928502546432
476600383712522240
515614369618894848
570129056083009536
476146375424208896
475125875923218432
463599110713241600
584245678230773760
515737601088987136
487338710052892672
448449563922001920
530078014631202816
443212521688526848
515465739101589504
345429116197146624
599464902226132992
464963818561204224
515467649498980352
515581621115314176
584928970269569024
601601979432640512
554289794958102528
488457064486531072
485510707840806912
579747521568477184
591564649489551360
570851404023390208
331928388891594752
432045196394381312
544260848330076160
515967190862028800
571782436952129536
517863997063905280
600817633390030848
589623604098928640
604779734873763840
530963113939783680
596063738600153088
606213621575376896
589305738472497152
586996797629566976
595352069112659968
605076723725316096
515648482079899648
595288255222571008
589993467887788032
336550753902534656
452928855179522048
597345952323391488
446384797317591040
591842367045165056
401461415795249152
431187696757526528
485935248408834048
468866473993957376
476241194691588096
610723563116281856
598682188870909952
565362015210639360
475125966289498114
588514962570256384
475095769406238720
462869124687589376
586537297734832128
608414761461309440
557256464056197120
523007627766054912
567886678507266048
589636989351927808
548873047996702720
601951660549414912
594976621321048064
532087261735763968
475739954794721280
572207714018123776
441290750156599296
589306416100057088
516133552813682688
600528190577905664
414017286026842112
489589735224766464
458182364128866304
473408691282898944
579842894995689472
443816379338977280
582982444190314496
563026170263486464
603750613435604992
548649627203145728
317546751537999872
564647892241055744
475492211576795136
594390865716244480
403771025172529152
568268768480215040
409252035846754304
516404628431142912
458726113028337664
562183409709928448
569892578017734656
515944872233246720
547896237594738688
406205026835378176
437354995453521920
515062151225356288
383672032749207552
545802585249234944
524379615296630784
417190300876800000
600221640088932352
384088211506577408
574035630363836416
605240791887065088
607357669472284672
598073323250831360
603694758740688896
456217690885844992
516440012480638976
459451176555900928
411926311209017344
415075419339902976
549385148391526400
513485276225249280
584888961906810880
596234047726862336
343522906569089024
555202650498064384
587508224245141504
602688008956747776
590527859865456640
569859161389592576
432958222580576256
568565325563588608
519381430018285568
604041731016556544
515616656537874432
580277693925330944
528042977748459520
552290637871550464
463876373199450112
474354823488073728
572311323378855936
517050150370979840
627586199627845632
530821912454246400
595664026101415936
333850101384499200
472905995719274496
605917827433578496
560887317785444352
541908194672369664
585935605251219456
587693381300310016
542484751633776640
464536052644704256
605960667316432896
598984013167763456
608735673553338368
515636310213156864
514649005915095040
572181276886732800
419623923458514944
520138868765929472
456203420114612224
627564665152569344
509551630357254144
514151851816099840
587912032662093824
600873243099860992
396142705324924928
547127322288635904
591105047434137600
586798775046021120
412087541647298560
609142305437310976
410850588486545408
515611811845529600
522132568691810304
518141139522449408
290225681692901376
473167546279784448
587795622485065728
563095611785461760
622458088766676992
593528272097165312
544352736962854912
570098464270331904
598220941322944512
524960013477150720
590015133573484544
543856000868175872
562281326066778112
473375110858797056
601871089869578240
463191185691766784
487691581629919232
518263490076647424
467515503594696704
323590380211699712
561354110038278144
421481136871452672
499739578299576320
563806212040364032
466638120570318848
540288868134252544
420956969818411008
429404715923554304
595805898870415360
542944222286839808
597312597884198912
561974736438018048
600641635084197888
513839329809608704
515483745890390016
568538045210382336
556847033756979200
587781938866069504
407310287746670592
522220247702917120
515979394512478208
458415661530476544
573512688683712512
563926314717319168
592600143577014272
575384019604783104
582314531456327680
554584632852439040
602473629782958080
574396048937365504
575831407623102464
593874345902788608
419348112331505664
458864398442688512
468510096696012800
539886976272232448
516363994119032832
401626408897527808
602984319346085888
602242926281547776
551479198594572288
515050498543620096
577326685641289728
476961254284455936
439510132326395904
516485765570289664
591469965438148608
564933299202723840
556175171487891456
562528557897383936
471553612384825344
553053648807997440
515620558252826624
546156910529183744
603603726241947648
607966796791762944
467263575556091904
596079313313386496
592173587155181568
465368144395890688
564900948410142720
603654709881929728
557659146575028224
518071860313489408
568677310028439552
609215651961171968
572301722243706880
392876416796016640
586382477556224000
475004813982035968
474352697508622336
515500118206390272
565308563973017600
599952191125512192
591780308131565568
419236179683069952
471445603054776320
603755309651005440
590387460043739136
562778856641753088
518152480106770432
591404871190634496
568263213758861312
403341864301826048
596159071657193472
570657131802906624
515958453158203392
604758517668188160
415000535582638080
555102757932740608
479840159186022400
458814754421469184
593282192734478336
407313816414601216
455578583822233600
559172078564675584
599073078701514752
474414523898392576
474610314109775872
553279510893162496
467379960210780160
520085141427781632
587052335902007296
359528877552529408
590760468381995008
467201877444915200
447466699638173696
378232016505700352
607687299530047488
582102267805605888
581504359771181056
590269850333523968
582016092168298496
606635692436566016
433677027480956928
587498049450848256
588448712905240576
597118487101489152
515229401784614912
337405313986621440
543176293006553088
594571900127076352
604482493864833024
433464178892599296
592916711754227712
413535823212838912
593156995612205056
468717915022028800
572150436745961472
447472588931723264
607751320446783488
515519181415026688
516444415060467712
561289416724643840
472558067230175232
519395341520785408
542984420735762432
564559992533377024
332351479836868608
604771418286137344
583372444262244352
580976707524145152
616796521370841088
557702343404621824
573342751937617920
475383472739840000
465383039866761216
602214297711472640
594231966535045120
472432576921858048
561691469509869568
606928461461811200
584527732801589248
392817693213921280
410841822760288256
336745295083741184
566804518334435328
455262967080939520
467150667157336064
515984179714510848
605378594016919552
309497367265034240
601595419713138688
335243838257909760
515943156011675648
458871085006319616
550611339108409344
533206329750364160
510546417168306176
530847373125234688
475115013690880000
515718569887604736
517853958415790080
568978788555710464
442665642525454336
516316839114051584
593617361618124800
313873892970090496
578493442712178688
462375146074664960
448683815590686720
472488004926042112
472241127840280576
545454644160352256
516088785618776064
551601727559434240
606728669796331520
342370621897936896
577016349864267776
507395911558877184
568208467327012864
587782021334474752
566312234256805888
420074672550330368
405872758724042752
600035708786245632
595769774718390272
472153038153314304
515474941286096896
574386864769486848
600826862935011328
472140561378177024
600422723423899648
518591422621278208
471007040316108800
516324023750504448
515626765884399616
604093294468730880
475619504118820864
578352913638797312
568559764120186880
568269986939658240
392200555113480192
526209739136655360
609856917891784704
602263330119290880
516323104603115520
608114021207453696
561881180826550272
460017815701680128
544759832387788800
606005712555933696
448729322245582848
595301081043484672
455773277307006976
589979203001159680
414122774613737472
578973513566687232
515699882613575680
605038935038574592
609860681092624384
443875025896861696
590703146477588480
572434404853936128
589321374179303424
515680685319069696
532406251335327744
562752160848969728
523769108447510528
593542906946568192
517484787269062656
581373949007405056
467094558052708352
446323992903544832
581625721789657088
598361774328184832
557276457646014464
579477014596063232
563501984764555264
584520584638017536
468212113731481600
420819951784312832
600603596601479168
335671652488585216
478356128443396096
545696670290202624
580585164057391104
604420276100333568
626821037035757568
470375545448689664
604248950215602176
581332014578315264
603755808282443776
568625491982016512
573548097326751744
606160045796814848
331116728543088640
601596334541168640
479309626894970880
457612257673605120
526868871350599680
597593297883566080
337032452797104128
586904295719342080
603470972879708160
567066753070018560
600540670268088320
553441901329948672
494735738508668928
573624298078629888
515509240991391744
515577630374567936
595702395355332608
596432732813316096
532713462694686720
597862606857887744
449324642797088768
607300241376468992
581699214996709376
605068957602365440
517613106631233536
516747082164830208
542053819730513920
440997325993668608
472895325422481408
589966902248382464
564155284988301312
584658419705753600
545076366689202176
439318903290589184
526415826200776704
600922485176725504
458463555474157568
470826427793534976
555928396443373568
426560866763165696
532260419865276416
510155769331445760
461816159868547072
608756269335023616
475095766432477184
597264198971486208
609510650888134656
554999150972936192
602907663478628352
596027078315401216
515542034449469440
559971068745449472
605079153208778752
482404266573557760
593905040918372352
601988405932384256
434215784009428992
608756276029132801
551564172809527296
587133697271050240
584246201038192640
517738551464472576
518841341303169024
538186598848499712
330237781429215232
563527737409556480
538395376126431232
529818035893542912
434506553492500480
588569985333366784
420358458697584640
571916399985909760
602930656359542784
484039205702332416
596245114351833088
382708549115146240
318918358676287488
579534607137935360
475125967128358912
601968087507763200
464313403817586688
434081537718218752
557642272638377984
603724097419014144
589153528807731200
398731025393414144
320733577887113216
471949482653642752
419737887811043328
383647548054700032
512749808150233088
472192745297932288
602399892723261440
332341562035957760
457594215405187072
443917670388068352
467420028904402944
529485817835741184
467173993628037120
547672105418457088
474733191425421312
600795581404741632
608758120205840384
467365256667066368
602944443464613888
446519665988988928
562608261237080064
515604727222206464
543258809154572288
582212906494504960
584116850984521728
404690522318381056
605142713330913280
572056633901199360
470679957463363584
588337981681606656
383827223917920256
408310329945104384
515597904963969024
430739047871156224
515605119391801344
365327568016314368
597869467749363712
605846782173347840
551807757833924608
452702443394822144
594735256670617600
467097501720113152
609481247076458496
597995998526111744
608810890745176064
588719809470963712
606230318072012800
571966590419349504
585617397298274304
516286193667706880
515612969440124928
544656014169874432
600068774611185664
312657868480323584
326472857846546432
523007675463680000
519709267183915008
592000476195639296
563900031073554432
583512768661991424
598080559603834880
509151935063056384
516844405246394368
446837109400006656
536059680709165056
592515422931177472
564156058629996544
457340039605514240
474856817680183296
464931115522584576
579398785873002496
564388915961446400
594397243549736960
487272735802650624
610683688832831488
515606094813143040
515679370968793088
433332895726170112
546417495990603776
546754091322695680
608116370634244096
503242057733632000
466094398774439936
602302414426529792
608775905195667456
549301911397421056
550538846171553792
522611563982843904
516083704129261568
606715133334458368
549440669599322112
521201778226360320
602379441531850752
607297520325976064
429447642871758848
576861284847362048
601226965986377728
475547462560378880
605922420162908160
391974295254933504
383776523661996032
537481538399719424
598630230906695680
561594317822947328
469212550693646336
566274899809439744
474669518837248000
550856998956158976
550383196665356288
442643746727653376
581639246222237696
330096550099304448
484435403336577024
608916611042193408
449070663328591872
566086090649358336
568459986434166784
605540336403554304
587695136478126080
460320559570350080
594918274597175296
568619775745449984
584919303988490240
517381101864538112
481958122810765312
562153686905602048
471884669139283968
593639560051740672
578734915613409280
337424380852219904
557702415350689792
591681596151607296
607041730902036480
469176421764296704
384521158621716480
572300638575878144
529477034710519808
460371823284973568
603599917096701952
515652550726262784
569934727648968704
562155175233122304
471224222526468096
592941153159004160
551088076294729728
402345537128382464
517793717826654208
561033131980349440
459875646630260736
471454606333833216
469245428395667456
449782418262454272
534847234487513088
566796452314759168
398635437830189056
553660899926978560
572117475740868608
602116765043978240
447131204399919104
438426957927936000
420112209792729088
542165136403484672
480200953350320128
605986385647710208
589185604709818368
342940889724911616
457599320762347520
464147024841797632
515645091827441664
548307345673494528
580239525842817024
516309337623515136
452260447358283776
473540903366029312
571967080968368128
547244558605139968
474614780124983296
503718726701412352
568910689449996288
609774733692592128
590597565976715264
473354529081913344
516313097731153920
457369346830757888
584790401005694976
460999862612127744
586576007012585472
437003205449084928
528431645535522816
593663847907246080
534413111331807232
596758792922783744
595450790865330176
447921023447199744
598265553706098688
468284568714080256
475712643819106304
431487189184946176
421058165149282304
515968906500136960
454617905649152000
595613214947991552
600021913946877952
599777623899430912
462013724442488832
421030024263520256
466660676534792192
591497906113007616
475657174803017728
515953254277160960
450443222792007680
624486752790355968
515643568096616448
605231531073540096
440015886888202240
472832880213487616
515634397937688576
489337071282941952
470735992823738368
609094956375691264
515621654103556096
517518411875524608
557715091074195456
597272829657931776
530849482067423232
604141493250228224
515469449108992000
608846870009192448
618213415525093376
519623652826075136
571045564530737152
479707187321499648
589299509465489408
516423985792073728
385623492420390912
516001255508762624
571511485033738240
516341342867165184
520750941208563712
453241361013927936
590412375320989696
517864529596129280
601825650533265408
598785310683357184
468910754527965184
609544659257090048
589630687338864640
524060927984488448
519928193353842688
405849323893489664
608420631641423872
596037270935490560
464885212673732608
472854912091287552
469744554610782208
570026632625848320
558787193497448448
408070262743900160
435076451830591488
601208194718552064
564604199915974656
515706309578293248
585482520095662080
530821969277833216
552404364730011648
590586624337813504
474855567282663424
522169160559783936
516037726489718784
472121657230618624
465984580952780800
599287666101501952
458321722458763264
474733197922398208
442995745503571968
463747070449152000
595166070369734656
576973317085380608
451799577855520768
321414812355530752
403453690146484224
443240350190923776
596075632002121728
516145559017328640
580915388636766208
515666428274446336
476035489443344384
461405666280468480
565629193466064896
585589953841373184
516031992123232256
515585752557875200
578678678590885888
542887026543251456
463169662939557888
432096348762820608
434749951180795904
462804498973192192
434561934990241792
469023730400489472
601935262410412032
564539357786628096
329800734440689664
335210247050244096
523007733703716864
528456673790513152
609155966650347520
540480904761298944
473777626977136640
573706087971930112
547516185535418368
515678937481146368
562562112203493376
597647797075890176
601870408538456064
517426160760598528
605573745666494464
525770298458533888
485702285708488704
551830890083184640
600090828555223040
604837838105686016
524010885827350528
561390955453960192
414805822959271936
469609979079290880
499038572578336768
464954526223298560
537829645263499264
460647477410787328
570017097882558464
597249655662764032
463062406650654720
585175966402256896
562731204999028736
590651154472415232
573342481472843776
570145107723071488
431845569187553280
608921654013292544
574423506085957632
604913101971742720
556615885621035008
455526103126110208
581703337024462848
609486773193601024
600823816062558208
604072230531432448
584691679907319808
607384929621311488
552907480453120000
464880279949930496
472919044077383680
608051836133376000
537508532818628608
602289275790221312
539330267564974080
459506775578636288
443458878269550592
480216881614024704
536715622988840960
389064772403863552
457652839569682432
426203468974264320
548512124660514816
447096799501479936
572648423495483392
570805276710387712
470362222606938112
424074382818693120
591491173005185024
474763413591945218
537564664509583360
550119695157895168
585696437585612800
448210644055879680
446500346353676288
430526757389479936
515725900840927232
598174451808403456
525128759082049536
563811246273196032
545437320187465728
515196473056227328
476152819330576384
593344552371281920
607968534106034176
621178667170754560
595181042906750976
506741071893934080
470662596639322112
602237763290456064
515618808399171584
628813616464035840
586407298763628544
515665354393354240
600508819793051648
566824526317948928
417722353812766720
469257381256097792
581933334515462144
468151441689669632
568679504268656640
383637439081639936
532360308222058496
540892031780790272
459103889673678848
550568576470446080
432317863957643264
561606154164322304
460670110206521344
460832412671143936
420245178175983616
587337605977251840
339105321848950784
595371345664077824
515607719529807872
594263962598555648
515614973984579584
516030058689093632
608386382896910336
604047970958114816
477241116094099456
608039445010116608
466250281772904448
601249426396209152
527205080037031936
595800933347155968
468830420394307584
623376507330437120
600448774778712064
475472371063451648
518258862659235840
304044118969966592
608717065959829504
597540395160748032
515927233246158848
605942523340361728
515733742843035648
609420324362055680
521608656852881408
515628973289136128
592493474822017024
534221319007449088
504455396077858816
560647579539886080
517417240964231168
543137158182076416
452673228083556352
550255707623464960
439213589090267136
591072069152710656
577295179623473152
582862014846640128
525315694512726016
596885260931747840
569614446476980224
585184334261039104
532077364041093120
547838121045929984
586890422446497792
488225617494405120
467166758000652288
581772894623805440
538362383746949120
339971577934315520
341768501523963904
581888333936893952
618213626599247872
521239659858882560
407941932451385344
545778553331048448
561963886767816704
595811902001577984
457252810115772416
606819018896138240
466419385225965568
618213348885999616
607772386116296704
518524652660056064
562171630665650176
563793010040594432
592219084741988352
515578655902015488
516058660449181696
566712999542632448
609258250835140608
516191561725030400
589341382536105984
577335463304536064
593945836514230272
436694553446051840
551259965842673664
588917623434027008
515578286573916160
603032113549213696
478606882294984704
607054584271134720
468996355893751808
476426192086364160
516791555347415040
610440645420601344
609099109466456064
587544508359540736
566716754588086272
515818232045244416
575396682892845056
516647514177323008
550512970220556288
575865830898147328
472175844219940864
578800558098395136
516019443758112768
604067073450110976
603024912017338368
316797860991492096
607823200084123648
404013795246108672
515916831257616384
582673691544961024
530609589109714944
383662293520486400
528664166248329216
465389490353991680
443545775176151040
561039478484152320
602774089773412352
604477158596890624
600480101838168064
333286004121157632
580601364149743616
579090033017917440
599417018076151808
583140945948618752
515635220462772224
572520285379911680
516721406854860800
570390797590413312
456904317241126912
604334424410087424
516158542338957312
593215930092273664
472286652744593408
445748313753382912
547055615524798464
603210599689674752
434110314024267776
516494078135156736
595038197092765696
470076031940685824
599309082406481920
515817252299628544
586636888568279040
442543825160761344
437038961936822272
336547033194180608
577299472724299776
470768407449432064
383686955298349056
516059246368575488
463379819728465920
515814247672754176
459527409150980096
605047821430775808
515579357756358656
516085513960992768
598556971720835072
433046003961032704
549607593495093248
566401570157330432
475204519270019072
467560301823258624
473632924273471488
561768888990167040
566753808476385280
597526688460480512
520019711152529408
572267797847609344
637383853559844864
583845949848190976
588550299363348480
576257286849892352
555981016157487104
515635145753829376
584138322234871808
608659390278496256
571852443520212992
601906505578520576
527627843465543680
542764482740518912
583381224140095488
383717741032435712
568980314650148864
572997628827164672
564085962666573824
575031789318934528
625796860728156160
584874835696455680
610885275857780736
523649118061797376
573238780780965888
588135043331821568
343493234850287616
460301781113499648
605123093983199232
468980054559289344
595784902243311616
596914891491688448
580180705720446976
572125646968913920
383116643154407424
588946026119864320
568639882349633536
566667425101799424
474729625621098496
421942392342454272
328792134213726208
526848070382313472
508423127154487296
515662304307339264
445682406742028288
547221465484541952
416407371888218112
562802575483236352
464312273003868160
595492854642565120
478295918257369088
451147291349217280
608858553452670976
605453097191428096
515623227571052544
583443895057162240
590765579107872768
500803769487847424
608756271935492097
600942898040590336
580086255979634688
518428044567269376
389523492674027520
469078557784535040
607078196407492608
578821635348414464
515659982020472832
446839525189087232
587449022403350528
591755719477346304
568649965523558400
469608169899814912
427812202842439680
590844926372130816
441747852524253184
574397522632593408
475087815256829952
489217866948669440
466385113119191040
387897855706140672
474061118273220608
603743192961052672
411725846085128192
598762092618653696
591410325367087104
577903757736579072
546410338516844544
447141252014534656
516433003792207872
519001377482899456
607450044051849216
451041682704560128
440596149447946240
607674677606830080
597978436706832384
446711639417286656
515816804700827648
340850412716355584
585251166724595712
591818570032267264
605340500454617088
461603906846191616
550126146785058816
441481871285547008
549644408933826560
473656996210405376
401730062296064000
590400913600983040
461122492270899200
628060161197584384
568551467960995840
568629677138239488
565389924849319936
568537996217257984
516397756060815360
552234628284452864
580257649677877248
606932087303385088
515644766317481984
432563532635062272
563927255696838656
390281235034869760
433395192289030144
602335443324833792
589910541552627712
568528839178670080
466799213640937472
549456537700831232
567860736417738752
603027171149164544
563558729735057408
603670767539912704
555271797092724736
438835636871360512
459683322843361280
595328167258935296
474791427696488448
335515899068964864
381884407440617472
570288373693067264
482349410185900032
441389767574155264
540957690527096832
580940384398516224
453286789952565248
507458366809206784
474967267231133696
516439163506049024
572846205740380160
571699220066832384
478051392246771712
397096483150647296
515377472235163648
516453420773769216
564358060146569216
584589479109509120
454752202989236224
437700590399647744
528062063645753344
452568362837340160
618213217306509312
430189683662651392
393135541211639808
464887674176532480
593552093046951936
603323944409300992
472822566533197824
309051879571095552
342808588894408704
516838130291326976
455180717731606528
462832015675224064
604786266675957760
603651015891283968
596158381316702208
601111241028587520
606654758761066496
596901323610312704
581483409260449792
603667545349758976
597647122099130368
608354073028132864
597934070785187840
595973704643567616
608756256345264130
525065220236181504
514931174937935872
431495536437100544
517111240865464320
549120438056865792
597604214771875840
598590042511826944
601131784050114560
601177514643091456
516289734963585024
517100440987779072
471046243053727744
575902714999992320
570272367276896256
601148014215626752
578325199431188480
608216468772974592
465550874886795264
600606287281061888
577261061292470272
566144627922567168
539615091981840384
467847337067147264
584945357901828096
478593471087636480
570290457537261568
410907842283831296
392048801528983552
595418945012428800
564894352620871680
592126689933312000
556602353920806912
615421328698224640
472772785886720000
552287824829161472
593784341025312768
582393140330139648
595423649838723072
468981475648204800
565741465495814144
462135575151898624
445485731591221248
595476484458602496
592948419421585408
599394555866963968
615379525286588416
472529166340714496
342810774504218624
507738059431632896
601999302260232192
601219453170024448
531896237480685568
506432761584013312
467501206877499392
604200959916187648
593525882849644544
584430111751712768
572311691800473600
595856391390949376
515298894554132480
440236199307636736
470020546470342656
597141581220331520
515599823617466368
569713319610769408
531963613851017216
587026511559696384
520439251820978176
515468235770765312
544352903228260352
515782414156886016
420274088175489024
605899356456968192
552618270459355136
548285232435068928
567564655188901888
469682183221538816
515579394939719680
516423747425583104
579855756371730432
522957576123527168
609224381197029377
383653108045287424
515580297794220032
468264353569697792
516083718266261504
546734388812787712
599367109125926912
462333037007335424
471090614075650048
473779716818464768
515557208050147328
596137814727389184
590736789929496576
574413083729768448
474819746672406528
413199541332877312
580108988356538368
389119645665275904
602087364919091200
595407595733315584
593271207801966592
545314237864108032
456985429942464512
608434622283485184
528322793279746048
419965932115329024
423806665058435072
584765795125473280
587874409423859712
466455757865349120
589206303910440960
466016403451801600
554799013273141248
596055532557623296
482784325905936384
434684422931869696
428328453188616192
609393464852930560
560550378509299712
562862311374639104
543980469879066624
513073497362661376
585638733571735552
596370911158919168
607806343528669184
547405311571234816
384073205968699392
412730895657611264
593287565222666240
600594969568268288
519586761517158400
603651120841154560
548577304464564224
431628972548169728
337623150084755456
553368506902470656
557609729573539840
410286891498217472
567630011748188160
546834213491212288
555565680326483968
603032279882731520
440688413637603328
518628509800591360
608019308466991104
529153633291689984
523233863408504832
482308596906848256
588486277398044672
589140214123892736
516089574852571136
545822978254663680
556509103138574336
467202799948525568
444681936107991040
472073891888492544
560285463222747136
515507641780281344
583095627026567168
518135390630223872
589677974278676480
572450895108239360
468165955793448960
554094095373803520
471522799748378624
410975771893448704
422207673891561472
570347694837940224
469003078280933376
474138469384318976
524443860011212800
396579134865731584
440937528359383040
516120102091853824
515467280536641536
474925706711658496
534088079380701184
553172777667579904
443595541658464256
583865601492029440
553674098165583872
604439731660447744
472785789655183360
433323090756235264
526227595824181248
545809768833695744
565701424023707648
557339398904070144
467798339480449024
471052570652045312
481352203848642560
554668585450156032
575522367426973696
455547012062900224
320352155024228352
517164644261257216
342155702271369216
423139761700470784
607068985481035776
572227944503541760
566807808201506816
511390405882105856
601286518614597632
597873100041809920
466426481774424064
426534152750235648
599739696850989056
468165504058519552
580228173355061248
608003904143192064
387708254127624192
601586485891760128
436749694496927744
572977732394061824
582206075642621952
450137676792721408
578605473847095296
560291491846242304
548525172280426496
588977955233902592
474784193419669504
582654150601392128
563488502157570048
526865899408121856
475026433148710912
593807831824646144
579766261399977984
520233101323358208
383751397658808320
588510516045975552
589193183062171648
470310203615604736
517558888469405696
516085891219939328
470766218588975104
563965991532814336
464530401017196544
567442503068626944
512763393187131392
556677829447122944
518881780226457600
586744681438683136
590647520535814144
591414797237534720
475163493994065920
591859068742725632
593112127787548672
387862787268845568
585598475551412224
474801240681738240
515643241750892544
608846874501292032
593959660231389184
474425706365841408
561031887907459072
540834873991110656
575021240987918336
599827011602554880
463104960058355712
464883686764965888
577609624744677376
564564059534782464
523271758372872192
601897498470055936
567055969594126336
516039660755922944
519381344193007616
535936077483159552
515641685728337920
545371533780934656
604886273949249536
598920800900268032
589573555843276800
609227758601572352
545789322354061312
581325494130094080
437864795333455872
476250808082493440
587507906665029632
572520384904888320
567608096740691968
608000942956158976
459935765208494080
382748255597109248
591507781622747136
558733134682255360
329896163685695488
394627553555439616
393056235278110720
451832332270170112
486272446916194304
467472198840348672
613885603922120704
515584363071348736
516845075811921920
548142566291865600
588399788727250944
572686592613990400
551155135714705408
472378065893191680
454122750156468224
581259619997884416
563830385602424832
460534931425062912
515490551333658624
548365790653128704
343211580957163520
602895609610960896
563566343675142144
517438495248658432
515401261872914432
521438680515403776
515672771992821760
466812397932244992
468473243414556672
583263477582303232
474743241988632576
516018467235061760
563614624430120960
554442878517993472
469636722263584768
578752620403929088
568847452674859008
474733202112507906
592962308125278208
582687011538767872
594734862913560576
608892588572872704
555814336926289920
600887455750627328
515306803756900352
608801573270814720
516163518813544448
446464739267047424
588567626943336448
538800527502950400
515737367505297408
609316139851411456
590335027154292736
518067117102305280
472990315012157440
589248631580688384
608105854289408000
331137227469914112
606965112053493760
515620453456846848
537032923055325184
460948299289980928
529582630600298496
470752939623837696
530338168041758720
562397029189062656
572855208707186688
518482366735609856
580493206437793792
553088449178972160
571881554858434560
335907447048798208
565233199143878656
584200949560545280
602405539627995136
515958269072728064
546999870884188160
316435398127550464
343888429584637952
605209770474958848
435950233319370752
553979255792435200
547220117016330240
468105451360219136
595385157024804864
470870078347276288
529350221681999872
577571754453540864
474876304894717952
431237797249028096
518111541935120384
604459825895661568
579512516867039232
390359019316842496
601501701693816832
437470267904618496
383059993001263104
515582812449374208
597872967224979456
455934661651066880
576079193007153152
563820301077934080
555236503770030080
460169367359844352
593253621433421824
451513588138373120
565005613383077888
401757980174843904
392931676705030144
515609566018281472
599248302894010368
600541737538093056
467354293213589504
447547059994619904
593766587647967232
481174404982632448
563505483640369152
581630652214976512
530233451486658560
440323615171276800
590680704602386432
562623378641616896
518557042262437888
605115309908639744
575835407342702592
574100266424774656
562297841696620544
594600412061945856
548580915088097280
605089864907554816
338128042826162176
543898737146290176
517207610172325888
471915463815720960
540411873169625088
462098677347905536
561652247644135424
633125432467750912
475171368548167680
570632604283219968
609802642335563776
590284219838664704
587827372053536768
618213284914507776
565636326307835904
595424116404707328
468486278745157632
518904075509071872
593593564479410176
394356065891790848
623017823337259008
516299044342947840
515729657918095360
564004609072861184
609140904862769152
607799644445032448
597527584493850624
310626894036869120
583413398105001984
580899095376334848
515567409261715456
469271154897448960
426128186451963904
599106948683591680
570764518028697600
319126513066733568
601144409261666304
600205619957407744
606291231886090240
556219653770137600
585669396542820352
517117050769227776
537084977110171648
568502460930232320
589221679721385984
414554667213651968
604838698822995968
493072442583937024
618213147135807488
572924786317549568
424263064615919616
597978493971660800
559363978631675904
303944433018097664
574663844899344384
587502062275694592
584052824862658560
574716765304352768
550072989942202368
604746465218207744
594637034002366464
516265721236328448
558122994182246400
553045454035562496
481893671659106304
554540231346565120
586406505935310848
590012937813401600
396475754541481984
474405015469944832
355543575108481024
577712737736507392
597891833716076544
450821810225672192
515725710736302080
549765792217415680
607320261989044224
434186428788764672
563922725178343424
609475673844699136
601899080641212416
609595588987670528
552971678881255424
470253551340220416
516083596243374080
566295356612218880
308448056280371200
441205130205851648
527479672850276352
549259242400886784
474058645554851840
337859395784294400
578608578231836672
481709377779134464
587163405303984128
417762288045395968
470493078113742848
609569706063486976
542742679710584832
455808973245771776
444642653653430272
585233173328207872
468119609879293952
383822810448982016
454464642547183616
477942937179648000
336202842257768448
601152030240718848
603344004569964544
566408508000129024
596610359431847936
583689073445609472
515562240193560576
434854334392430592
515664613081542656
542690865842196480
570460520604823552
460336306363297792
515740595220942848
516792719321722880
543702146247057408
515958347893755904
523565100850225152
516835712656752640
591126387373420544
596516363091103744
591337920707727360
599996236845608960
541389063396245504
563459218295336960
564516430459580416
516127080041570304
580829556085145600
609179117006454784
442050054610481152
472586118705967104
515958552998047744
592025506203881472
572894107433664512
384888755409932288
474944286190727168
515662133048418304
464216895466237952
515621498549403648
556283677911629824
599765340418793472
414789308772270080
516031622637002752
330096146598871040
518219233209905152
573996204463898624
575506061810126848
591848423506890753
519350662947328000
383595902402768896
587364054922735616
594244791877820416
342198528551944192
592001108495351808
298701554628710400
515970356815253504
579087676880232448
452662384637505536
561298415624847360
354362993934417920
515644844447391744
610202290464321536
570687424922447872
596336160452694016
518504548166467584
600335015502479360
552986719061016576
593903275317714944
467336304120557568
570792429017948160
554427808685989888
515679789791875072
515663952445218816
552592737372876800
604507757898444800
447553018527739904
442112903785476096
580410622634668032
589475796758863872
524737253306597376
417332904092258304
476306553712930816
449117375808139264
392200362662060032
595992264791085056
515948598781677568
569322190191677440
545714572565336064
330096594256945152
577987035063685120
556938630955270144
596393436261703680
605891906664202240
474396895775551488
594790288631844864
455455086399713280
598927127223529472
518949304511385600
516383946763685888
579902616218152960
555593655753674752
597858096148185088
451771148141588480
606261184848543744
591566615229812736
537502323617124352
597661412260634624
580511079730290688
412713211620507648
622458202713337856
432956913601212416
568175440154574848
515751419772858368
557314965841756160
444003378100432896
510534028380295168
515573381050175488
483491011180359680
474473673252663296
320864628693286912
515077669600702464
596900344303239168
604666424857808896
520329509801811968
587116999511941120
571556359007694848
584887745978077184
604317160671608832
605810458452135936
398955748224167936
335977535139479552
583874848145575936
579343423480311808
444683498792415232
586292900447432704
515606416752943104
591879269689376768
480465984390426624
587336428678066176
467881589603299328
501173788214292480
592686713537613824
544228813246951424
467526423821676544
605144980087971840
474733205912547328
565700658504839168
583716998614130688
609183104568991744
338103458852769792
467892923283795968
597850992863653888
457603248321196032
426142928176435200
457927422990348288
556226365795520512
579480014823657472
560940617725693952
516010428474249216
571617028489940992
609679335498018816
474000695838633984
541422860989972480
465645360337907712
459142544085741568
400722733035470848
532646081794674688
448170445447884800
583449868345847808
445989473482698752
592915544517165056
459537155518099456
548261431858909184
583481891571666944
583784644223221760
469608946290651136
372939215933075456
518334147710869504
488430974460227584
572964740659056640
600021937602740224
603415228272689152
557296460627034112
319965023516512256
533547556982616064
569222721402683392
552948511034867712
595317896473792512
469146675131183104
435924834870882304
594369253004595200
562418081630523392
582659273411039232
516161305131720704
515621303930359808
578802531287744512
561374932359430144
578808360166526976
331957336627240960
560190005627510784
600144365762965504
609589318280896512
581925742988795904
517489167901536256
468567349855776768
608756275341266944
604953179389493248
606355338370838528
587515179860791296
427198779788111872
533502914974793728
515538936270954496
515747223209607168
582056767828049920
557716818740232192
556175741479243776
564755110076579840
548326580949254144
588420274773340160
613838366626103296
457876202883903488
515940823477391360
569783816374071296
570036837740994560
578792977208479744
602299213753163776
474733213500043265
440233070063251456
449940358910963712
600863756477587456
447815201035644928
606609085718130688
438140105702502400
567331700989587456
511271197264838656
544907201945112576
471472409199767552
581344903963910144
592826067035676672
469597778708787200
478881419720912896
334140107516837888
550894231085424640
451648505392394240
553281279564107776
515820078798581760
515570908614139904
607860684818038784
474380768789917696
575521240784093184
518455348323246080
515704452920152064
515688043841921024
473198309004013568
518873144251764736
602527324411326464
515202122025881600
517864921367515136
624298087120228352
598906149227528192
554016958899068928
548240051884564480
582072426431557632
543700345200336896
589939653356851200
516281335617527808
593020623165378560
519038181976211456
578734958642774016
574271758236794880
460071286324850688
330038906756030464
591328476447936512
439482950048804864
543596825903554560
519070887078612992
575160378644414464
609773269997920256
577978734255067136
603056878087376896
451052073639735296
515567168301637632
338412576750718976
582699413529468928
542945246238392320
327404148943241216
591496688561082368
522215446658969600
554725654367408128
613945615491219456
515949331360952320
563954543461064704
454662720164196352
515678858622832640
593824405222637568
557407367966945280
383679668638904320
470029667718393856
520862222445051904
440923784900243456
440975156483977216
592902938809122816
626506389535166464
604252357789810688
450176323894112256
605975902563696640
580569537284456448
596398913745899520
572935824151306240
605240660777324544
531263908006547456
466413406476300288
569032307702181888
606981435273863168
515638695585390592
558619019288420352
602576705223200768
486293729938763776
427487077936930816
599045159971241984
602204342828720128
554684281198424064
516780813450948608
515619305659076608
560251259498946560
592598524005236736
418219405290246144
317365748114657280
606897421989011456
607430045522284544
461653094799765504
430793815779979264
517911433461604352
549341019324207104
318915328614625280
462545160060792832
429879379879809024
604092253199212544
556173644100751360
444922031159373824
597591165402935297
459921809924419584
556268801715470336
518106609322397696
599991214980259840
515825578223185920
581637475106078720
572340557633183744
575837464183246848
456304059788292096
541310537676054528
391179487376654336
515751928764342272
415415194127183872
591859652795359232
409952319111708672
609099805972557824
515677079266205696
543674802835058688
431629189251072000
584467543448662016
568401625218977792
475136055255756800
521039685178757120
569371902635462656
463082771397472256
569366181174054912
315165422951333888
482437322734825472
608781618441703424
605176977585942528
470801737138040832
516411651216424960
517496541655740416
607140506513764352
462458828231798784
559283491692982272
387179361901645824
552669265620250624
576553091818635264
549753326636875776
516952027480473600
628623289929015296
603472062991904768
564480527525093376
592542723890790400
431336891292323840
518814816789889024
574665022952534016
560840921411989504
516802373498466304
566101023882326016
586405733076086784
583430497862987776
624365779609022464
553056258690248704
516159884946776064
515671066676895744
414266457661120512
532229112393621504
558153639191302144
517076128390389760
605801251581542400
581982238262996992
599246328836452352
481863607533957120
517477863681118208
567873845744369664
508319495799492608
474682521599078400
515935099323863040
517852142975782912
605965124062240768
572170215712239616
573868880715608064
604146418143252480
515640172883025920
544970416867610624
597690401427619840
591829535197020160
443546027778109440
599106949287567360
394914988067717120
415691134522626048
568221463329230848
607083283737559040
607330052190846976
553634257654681600
469582764727857152
581167166603177984
578018026138406912
535012802144194560
433852657845661696
501601277977817088
590601645340008448
600742241333485568
288003434190229504
449282659814731776
588929484313370624
552628145364283392
604809853008957440
449845463286280192
474803150616784896
515589969043857408
417625426593071104
599665542265098240
602668296759738368
592553208631578624
446791702707957760
412772847967010816
566164494600671232
597419728947953664
549116075074736128
468884451984666624
590357410904838144
335519911851880448
469278354382516224
569737899095687168
589177357626023936
383883362726871040
451838749991497728
343231601796202497
594387188070793216
462436567487606784
516081429025742848
417480487804612608
438438650666020864
493909471790100480
516063851702493184
550788745106984960
570006946307702784
515740778967695360
565783127929303040
517847502049710080
442009380209029120
467452129074737152
526604493809786880
562467982907019264
549301571636531200
604361456313507840
608007997242810368
446397252164907008
599984527279976448
544976926873997312
511065781101142016
598242162722795520
560884711082676224
606976551807954944
609456919802896384
580583542472351744
566252864634294272
475027603728625664
527233074045300736
607935142874394624
454544624027955200
573319700472008704
605911977889456128
460969919102578688
544652325807988736
607398494885449728
597672669122453504
473642763447955456
608838383019577344
461984258769022976
599063761344569344
602918753872699392
532338835205337088
618212769463865344
533027311203143680
591976318355161088
423910583960604672
608558954791923712
474147903015743488
430796033140731904
563932117382029312
515470959331287040
604356556850532352
448958242177937408
519244263940575232
600434115694632960
482825685019127808
590355663113203712
601304805985550336
602548608188870656
459928404691513344
515469225514192896
469732779530121216
603697531733483520
559189560812548096
598166408311914496
482980282710880256
515573695081910272
471145436166483968
516222842992201728
431854225455058944
470304205865742336
569551798842433536
515544957346193408
594948683733192704
592469092519170048
608464249206964224
606963174679339008
565581565344796672
563070991905783808
515567872386723840
466407104509374464
458443794069581824
560884981069901824
537629470407176192
434022351059808256
580790787952910336
592736673121488896
612112312152715264
386666599484264448
468547999673348096
465961468668407808
520364154501640192
388724103437172736
594024159458148352
475940628518137856
515752536011370496
565630176609349632
396024486568185856
601465838951784448
458509873286475776
455463904764489728
551204599368642560
515667898071814144
595189845928759296
466818754458677248
553036305449488384
577606714539425792
594370460829929472
475269400597884928
530070766567706624
524102399106568192
589482975280799744
383660980850249728
588095205320732672
440998025301585920
422008839542411264
611974401239371776
464593490802634752
475421250353623040
570717938467483648
565053652183691264
524039559468736512
551200185023229952
575935552884994048
445994796297744384
577010225211555840
523173594536161280
472767669095886848
592478378171355136
310861656194306048
524102311563055104
603734238306570240
473721910446780416
525182023014486016
467419884951695360
607679415500996608
468140674244407296
618213484840169472
581153118151028736
335248747913048064
598944447132139520
581486907691675648
515990890496364544
531126500726194176
518985557721829376
558098914420387840
553440439134040064
517739793997672448
592586227283181568
594540140450336768
577962594128666624
591004844408483840
518996800545128448
608048017609666560
581164147832557568
445682971005939712
555462163260907520
515572434655322112
590095777263558656
569939386448097280
584872638459973632
421764426111131648
433114131277541376
515466491105157120
599077915262500864
588531739702374400
317692026818674688
580534031813226496
437309609493917696
474297541626687488
434041227654983680
384811413945761792
473229623228887040
591175561691312128
450697218639261696
465232472888569856
531806851506319360
580150745161043968
602388697207341056
580969391890407424
517970006708269056
318947171644751872
542593104737370112
555455291799773184
593281285653323776
572516387646758912
515546904102666240
584508144076505088
512898829726441472
338823413504147456
338379938212098048
553347266548256768
455937431967887360
473168956354457600
429356280780443648
411743994825953280
517442075300540416
414304179125764096
601599777880199168
515749523341451264
602158550994718720
515499210848899072
562154489982468096
570759774423396352
576027501859971072
396707220265435136
515619407893897216
446697968171479040
471001863727083520
564856953609011200
532705680465604608
549366753312821248
516304886074216448
549011313540976640
593646430783062016
434861584485969920
332002042031656960
446103892812361728
599360160879656960
446437201916456960
535529519508238336
519423264099987456
454750774937776128
606553258357481472
578957246080258048
590382579283169280
516684367816585216
590601039409885184
602495487894953984
515542813530202112
611999648890081280
556197505013862400
546099476162904064
449406792259072000
580514532506509312
589625952087089152
553982359007436800
594788787389779968
415373130542874624
471883780190105600
439617412371836928
418898573501943808
519919623778402304
475189434602483712
571132996104458240
554721443046436864
515705132728750080
515556609018335232
608859678276911104
466817564337500160
337219778429067264
472117209217363968
541850467434618880
567956792152911872
514909152421732352
578999044077035520
550041890238963712
600856742598873088
598278368131080192
589545798438526976
606014059665498112
559711440372924416
588821567211872256
593932144565346304
432792699859374080
515468029736833024
597669830866300928
554450591535497216
571904755271872512
587136552438636544
468278484964208640
515740379628707840
588812513257238528
569913055625674752
596071273889579008
440038039201247232
590247879231180800
553746907711348736
607743977604591616
570223535243988992
389567792552144896
605662459923095552
384711816736968704
571471275152232448
443772421766377472
445441643986808832
340038323768692736
530850236479262720
455912966580072448
515577404473548800
590721862628052992
622637276974895104
564538711377272832
552212414956867584
526153629508046848
515577567095103488
607770218760073216
587725206911492096
429134259119202304
599667452506329088
341097048017264640
618212977962749952
564935415238365184
556962212953358336
466286859979321344
609587393372164096
566039871633657856
585913815942606848
524414197629083648
591336512054931456
609585041382641664
330955821661827072
556168120779186176
604836906433318912
474502811199991808
469259157686448128
474834776952401920
598080918392991744
468616899073142784
539068742413516800
471357563728818176
580833133318938624
458281606885404672
582266572375101440
594764779478892544
607376273370607616
550079255930388480
461603927041765376
462695578929721344
522273290318336000
557692942485692416
463843071868530688
598075425167556608
599451521607843840
579196105397411840
596572502617014272
536976124398731264
576951920321671168
546731797484072960
465772562731757568
583461091623866368
536361790576934912
428938384249991168
600797380945702912
451570617896923136
391969601434419200
532124902366494720
609232316312666112
579848473977851904
516381227243110400
598990344574517248
590307090103312384
607701439342522368
604731057685725184
435812851316158464
567135629700198400
604721650306445312
577560158750683136
607591024465887232
545685759421767680
445751276458733568
606654352945373184
609832897356038144
601999068234833920
488528531840561152
443873250741579776
608872441241993216
407987621747245056
451040483557240832
470651461479428096
507808308826890240
592135930127634432
600488264977158144
410689415967412224
519002854393991168
573644578604441600
455453015139151872
584248016228098048
596720781799510016
559606627017625600
605475899680317440
533791808336613376
549218009758543872
514956062628057088
552547061780418560
470417054520832000
299292548755648512
471325440233959424
580896255362777088
515801651979509760
427842679766786048
600544300958277632
609569069653356544
474763408562974720
589229931670577152
594617944646934528
549554774539837440
591847281020424192
432038840551620608
568246530105008128
595852523928092672
608756256252989440
516323655192817664
519552905959763968
515677434931863552
459163440183767040
432275048380768256
447429412351111168
586879859863625728
548980924107698176
516016259651231744
515626793021546496
515673428486545408
539540112096886784
561209519060791296
518591473355284480
602646867561484288
468934008135217152
414912438211710976
589300041110298624
576250114559991808
480132244116074496
515616391160176640
386336377194708992
594306917573132288
415664666870566912
592742576772145152
592883642712248320
516805954543947776
577514030332157952
558019214027706368
473391274439733248
518000897679806464
527231676307439616
603317973427486720
474737764852559872
411992039463325696
563238430101757952
555654229798129664
565322280959901696
463143183002365952
581918175860408320
595299096877645824
515474704200859648
332952797358067712
609100538176405504
547930767701585920
515572935587045376
609224375375335424
600863598461382656
517744004409769984
333697141413277696
544776215125303296
549084513071353856
563507296720670720
516159007903981568
333245780317974528
383903895442804736
306964643174182912
599493075676479488
455454760976248832
608801572876550144
520979747217842176
588258192086052864
459699925467262976
561056167957245952
545303665006166016
411688608576049152
460602646445682688
595762397684232192
376086140463329280
597511779836280832
578687337857327104
515587255224799232
545081043334225920
605434414079471616
608756254667542528
527905773451972608
479198066063175680
319328118256967680
461205316915163136
589886524766597120
595733041666654208
516323736744644608
561014435899170816
608876831302561792
383617061714137088
403987898547875840
515647575759974400
458401619868905472
524252572022091776
599798493913083904
599799668070748160
475313701616873472
472642276741345280
597317624484904960
555091702445060096
556650917459431424
584907001520230400
599104015552278528
579956468661399552
471076468894461952
466129742416834560
591047867641147392
571421134934925312
606252833288830976
533511563340234752
557340202372222976
517061050193649664
570486492752236544
515564470045806592
461284091833085952
341708057534873600
432048798177435648
396823533235257344
519571802433179648
464151629843656704
474972927905755136
451599370467405824
431553966493401088
410899754046738432
392206912797589504
590328596803915776
579852466477113344
558032351233486848
564582882165846016
468242046109347840
342121591745908736
516074393057538048
560333235371270144
565295511105544192
517327029288206336
443722012532142080
576210695870242816
454318987656818688
599770406567596032
521066651870412800
482978317067087872
580961529726283776
587955013591011328
563559204814606336
607479489420664832
601955757256155136
551885809070829568
451475586196434944
603099192759500800
608567282242764800
586004656476434432
433950912029913088
564564250384003072
580206186050138112
346551358658387968
492007497524047872
468187029704798208
341369409333387264
544060350910713856
534218009277968384
581518919857119232
564916959801135104
458478517839982592
567920140628475904
560482290883489792
497152884396257280
546338331193475072
567179304897327105
608420556315914240
585972285177901056
606684636596224000
521438812002639872
607240599661260800
384908026605232128
567586815613947904
520368169765441536
458339742056968192
381322562925379584
574382473302069248
603422178444124160
341243006491373568
587368131991736320
467737364064628736
517864469068898304
554874521070698496
515557526492975104
592252162294202368
572956546976153600
587169205929938944
516040019871977472
417005704134529024
580266521595514880
438379361960194048
551232657035513856
472265448688185344
607261387495903232
443275119687626752
474103270151811072
453782477811478528
558771486797852672
592988057876086784
482192077048770560
602687672879742976
470665701997146112
529551043770830848
561305965002313728
515659291390681088
554765173442039808
597566029769531392
376534322561228800
591846340707794944
600895401679183872
466623971773640704
429501689758752768
526848333425164288
549318631582175232
593899084046188544
473646756563775488
592519296106680320
607431734996303872
593249813122834432
596921388317597696
588874353781805056
523421725832519680
390206855885914112
515476733403111424
545449413565468672
465432402190135296
596509433299767296
575808465788862464
588195316512108544
581904697300922368
572153851848941568
559899148666634240
515363034252447744
462008482233577472
477575264461647872
519640565734764544
400732364520628224
526610410896482304
552241132337860608
475415224761970688
584421649168764928
516022374075047936
515548766203879424
416532366123614208
572914589889429504
571504878942392320
437682362285813760
601181775707824128
467481478100414464
339626781730435072
446415730372505600
571674987551068160
591205881689976832
515620839208525824
601617782315995136
443091841429008384
581289742339977216
600860202899668992
451851726341795840
579541814038544384
547284411845754880
516306365314994176
